80 0.06453682212026157
80.1 0.06443938482495974
80.19999999999999 0.06434194752965787
80.29999999999998 0.06424451023435604
80.39999999999998 0.06414707293905418
80.49999999999997 0.06404963564375234
80.59999999999997 0.06395219834845048
80.69999999999996 0.06385476105314862
80.79999999999995 0.06375732375784678
80.89999999999995 0.06365988646254492
80.99999999999994 0.06356244916724307
81.09999999999994 0.06346501187194123
81.19999999999993 0.06336757457663937
81.29999999999993 0.06327013728133753
81.39999999999992 0.06317269998603567
81.49999999999991 0.06307526269073381
81.59999999999991 0.06297782539543198
81.6999999999999 0.06288038810013011
81.7999999999999 0.06278295080482828
81.89999999999989 0.0626855135095264
81.99999999999989 0.06258807621422458
82.09999999999988 0.0624906389189227
82.19999999999987 0.062393201623620866
82.29999999999987 0.062295764328318994
82.39999999999986 0.06219832703301716
82.49999999999986 0.06210088973771529
82.59999999999985 0.062003452442413454
82.69999999999985 0.0619060151471116
82.79999999999984 0.061808577851809744
82.89999999999984 0.06171114055650789
82.99999999999983 0.06161370326120604
83.09999999999982 0.06151626596590419
83.19999999999982 0.061418828670602346
83.29999999999981 0.06132139137530048
83.3999999999998 0.06122395407999863
83.4999999999998 0.061126516784696786
83.5999999999998 0.061029079489394934
83.69999999999979 0.0609316421940931
83.79999999999978 0.06083420489879123
83.89999999999978 0.060736767603489394
83.99999999999977 0.060639330308187536
84.09999999999977 0.060541893012885685
84.19999999999976 0.06044445571758382
84.29999999999976 0.060347018422281976
84.39999999999975 0.060249581126980124
84.49999999999974 0.06015214383167827
84.59999999999974 0.060054706536376436
84.69999999999973 0.059957269241074584
84.79999999999973 0.059859831945772726
84.89999999999972 0.059762394650470875
84.99999999999972 0.05966495735516901
85.09999999999971 0.059567520059867166
85.1999999999997 0.059470082764565314
85.2999999999997 0.05937264546926346
85.3999999999997 0.05927520817396161
85.49999999999969 0.059177770878659754
85.59999999999968 0.0590803335833579
85.69999999999968 0.05898289628805605
85.79999999999967 0.0588854589927542
85.89999999999966 0.058788021697452356
85.99999999999966 0.05869058440215049
86.09999999999965 0.05859314710684864
86.19999999999965 0.058495709811546795
86.29999999999964 0.058398272516244944
86.39999999999964 0.05830083522094309
86.49999999999963 0.05820339792564124
86.59999999999962 0.05810596063033939
86.69999999999962 0.058008523335037546
86.79999999999961 0.05791108603973568
86.89999999999961 0.05781364874443384
86.9999999999996 0.05771621144913199
87.0999999999996 0.05761877415383014
87.19999999999959 0.057521336858528296
87.29999999999959 0.05742389956322643
